501
440
500
482
541
521
437
464
493
439
457
478
512
524
466
492
411
515
521
482
457
446
442
454
503
432
456
460
481
477
479
529
541
468
402
405
516
480
519
457
493
480
509
451
458
423
489
427
477
491
472
464
389
478
485
534
531
450
464
396
524
447
511
492
468
408
453
496
471
451
462
467
415
426
448
448
527
477
493
427
489
523
422
464
460
454
450
473
427
523
447
535
451
416
417
516
513
427
449
450
419
447
437
451
498
473
465
478
493
460
372
516
424
357
477
451
462
488
436
457
467
453
498
379
490
491
476
453
492
460
484
502
384
488
421
485
510
457
468
505
476
461
455
467
497
480
445
466
512
483
440
465
494
456
463
455
480
443
430
505
410
485
459
351
424
483
405
432
463
425
474
446
491
469
445
456
508
506
487
546
538
458
459
482
357
523
427
449
482
457
514
445
410
491
438
428
496
522
430
392
413
459
485
417
528
430
438
481
489
554
480
469
443
379
408
477
384
486
402
462
566
355
412
468
565
381
460
495
472
420
463
514
422
380
472
441
427
485
499
538
507
411
565
472
458
364
487
394
445
504
416
455
441
435
489
409
492
493
415
486
444
415
509
435
457
483
464
471
517
476
486
457
454
462
407
494
559
504
458
445
421
384
428
473
506
406
526
442
502
490
492
484
458
410
431
495
401
441
445
473
440
466
461
423
526
418
470
434
485
517
374
443
465
466
509
435
497
459
459
480
528
399
451
470
453
584
547
482
469
472
402
477
492
442
331
426
501
431
526
493
580
574
485
423
458
504
395
485
515
515
414
451
396
440
525
538
510
480
444
452
503
446
466
457
426
448
451
519
510
466
488
492
426
512
480
440
404
416
437
461
389
376
477
503
435
437
523
469
433
468
421
447
509
426
530
443
458
408
528
460
448
461
521
495
441
518
468
437
490
482
472
432
512
512
443
379
454
481
436
404
400
502
421
464
399
389
410
407
473
450
410
451
527
478
457
460
472
427
432
459
441
465
487
524
450
416
460
474
461
483
484
440
537
437
445
494
415
406
377
537
503
509
371
436
358
529
496
437
482
450
443
506
413
502
399
371
445
464
456
471
490
453
397
431
459
477
472
511
540
395
475
413
488
447
497
456
510
432
479
454
466
361
428
519
469
455
461
470
465
423
438
457
475
540
425
461
414
560
483
438
495
586
521
490
563
438
526
422
453
417
404
454
485
448
478
515
406
479
446
479
504
433
474
490
484
510
462
415
455
468
391
504
466
393
471
485
461
524
418
423
401
402
515
521
387
511
469
541
448
473
500
438
532
530
421
501
471
531
515
353
395
501
433
413
448
440
467
502
439
414
450
482
479
441
400
530
496
478
484
510
488
466
513
472
434
440
503
424
483
480
488
467
531
494
490
487
372
471
470
437
441
468
508
463
443
456
556
461
482
411
446
478
480
418
371
409
408
428
387
473
450
386
427
499
553
478
495
414
473
497
396
484
444
469
462
368
442
406
463
431
408
391
467
429
514
422
490
505
521
405
424
474
498
463
484
465
431
431
433
455
505
487
380
519
451
469
501
475
480
438
502
393
464
445
542
483
399
566
562
441
441
349
513
530
472
504
507
450
501
492
485
374
476
468
384
487
492
430
456
459
478
470
433
478
564
522
489
508
518
490
504
475
418
411
418
476
467
502
539
454
468
505
403
417
511
559
418
418
470
484
462
474
479
435
384
463
488
452
532
509
514
566
349
424
517
430
429
459
423
443
465
453
473
407
369
478
573
459
474
486
471
407
528
520
489
466
483
448
443
449
444
462
500
475
479
413
526
466
459
452
526
525
393
465
464
466
463
476
488
485
465
480
376
427
480
450
512
464
479
441
484
439
493
509
502
466
443
477
481
464
505
520
437
520
377
449
452
459
465
454
477
478
460
471
397
394
475
478
416
430
450
443
411
397
413
482
425
478
456
560
559
434
486
444
373
501
536
461
441
482
466
501
404
367
416
499
425
501
358
441
346
460
422
423
428
392
464
358
449
458
525
466
513
431
489
416
463
359
451
502
314
476
470
494
424
546
463
452
407
416
430
496
389
444
405
443
417
502
417
469
460
510
470
513
446
440
452
519
478
419
436
449
504
439
457
403
463
509
496
531
481
399
452
496
398
452
468
476
516
464
406
465
413
461
523
454
505
546
430
398
430
463
521
502
541
392
407
494
453
447
546
443
442
507
423
505
468
333
539
487
524
475
588
469
421
452
464
457
560
516
445
496
433
463
448
481
459
489
456
440
