607
873
21
464
535
570
317
344
755
959
867
745
812
678
76
634
556
565
848
940
456
533
971
82
507
361
169
455
85
434
708
790
771
135
487
417
534
862
103
595
834
490
402
623
95
852
814
912
604
444
800
584
15
794
153
366
221
378
351
398
263
953
438
851
399
958
735
62
24
978
498
776
142
734
241
557
461
101
871
883
572
70
765
841
714
891
125
962
772
329
485
647
68
134
80
810
791
242
451
13
984
382
854
333
14
254
23
991
159
527
825
693
419
590
193
882
649
954
859
897
900
121
823
323
616
4
997
688
898
308
222
668
205
738
788
182
143
197
918
702
721
537
146
484
437
890
215
282
253
257
843
787
999
820
780
110
874
388
724
261
395
90
391
690
629
965
423
753
601
155
460
763
905
355
362
94
642
980
973
139
250
491
515
334
551
957
314
156
284
278
185
548
620
733
698
497
881
856
868
265
330
704
69
797
638
87
245
275
650
273
126
480
454
386
432
636
157
605
505
128
692
513
237
716
946
421
12
849
936
906
786
247
761
850
84
195
521
145
710
223
116
178
893
466
208
191
613
960
807
707
922
762
383
729
653
538
700
239
597
808
154
503
907
683
988
945
410
631
358
173
561
274
792
899
664
286
983
801
111
93
441
33
950
539
681
346
750
51
281
360
469
627
611
373
624
517
827
672
234
828
297
743
259
301
675
972
192
229
877
526
291
209
40
512
141
220
977
661
695
939
312
951
757
137
784
612
349
376
555
427
465
887
32
113
233
910
165
754
947
540
948
304
214
911
789
553
447
896
152
393
476
409
536
198
73
756
514
768
37
435
20
244
414
72
96
100
207
979
348
337
793
429
102
439
764
424
504
579
162
832
775
488
652
331
309
884
968
603
666
573
927
667
81
648
340
310
837
824
614
413
277
294
206
292
112
375
598
562
44
587
475
397
129
895
57
805
236
260
732
458
952
479
163
390
955
313
736
682
932
179
919
473
836
966
246
63
7
879
796
720
420
799
499
741
781
367
770
411
943
322
578
963
494
384
857
888
18
826
870
136
618
148
381
518
686
405
243
138
251
657
994
266
914
633
944
35
353
394
42
500
853
50
571
316
847
190
626
188
617
995
256
982
177
412
831
783
67
184
467
684
106
699
318
719
272
341
542
679
267
858
477
343
354
680
875
248
372
400
817
593
924
606
452
176
199
645
379
180
22
547
996
569
725
677
448
369
305
107
47
365
175
703
8
806
97
558
545
492
929
687
387
290
586
989
930
949
722
804
71
181
559
269
596
89
942
59
744
625
506
528
45
79
99
363
474
368
705
742
709
987
108
646
49
777
674
567
319
580
925
453
894
975
766
869
621
782
845
321
520
168
201
449
224
902
889
568
502
813
296
637
574
293
916
481
795
471
739
36
91
609
60
217
673
342
39
426
829
74
938
815
785
628
127
630
170
671
238
151
174
892
759
311
760
56
392
450
563
830
723
489
550
839
509
66
357
670
19
701
600
566
48
656
663
842
749
53
933
235
289
120
92
730
482
689
549
974
144
928
443
211
495
508
285
2
298
287
338
356
279
964
28
532
326
200
6
747
901
581
694
227
422
726
981
544
934
132
225
835
658
55
295
696
468
659
970
846
935
328
778
582
189
119
651
711
11
697
865
149
52
731
264
886
752
923
920
213
336
608
635
404
158
307
809
554
833
61
16
231
861
493
418
904
88
252
751
325
335
986
440
212
403
315
1
194
109
54
985
240
425
878
230
863
370
114
665
5
727
594
643
546
226
908
746
819
445
660
196
472
769
486
992
306
602
164
161
993
860
903
583
956
25
34
396
203
350
183
610
496
522
371
171
599
416
885
31
818
840
280
219
662
639
685
115
352
327
407
258
779
576
909
430
588
41
303
131
459
442
64
104
615
433
415
436
270
431
345
117
519
339
30
105
969
462
676
332
276
691
774
17
3
446
632
359
140
511
728
187
160
669
816
872
77
915
406
377
271
78
10
501
941
268
29
9
385
46
463
249
575
592
470
655
864
288
525
917
364
866
619
320
118
26
706
541
748
98
990
937
560
811
43
715
130
585
531
654
524
302
552
123
65
976
27
204
210
798
255
931
589
262
564
172
232
822
58
86
216
577
218
408
773
530
913
543
803
483
347
967
821
855
147
83
802
644
640
374
478
38
124
998
740
228
838
622
186
921
75
717
133
641
516
283
166
767
758
961
167
202
737
529
876
150
718
389
401
880
299
523
300
713
380
591
844
324
428
712
926
1000
457
122
510
